dimwishlist:item=1476654960&perks=1926090093,3142289711,1195158366,1954620775
dimwishlist:item=2481758391&perks=1467527085,1885400500,2946784966,4267945040,2697220197
dimwishlist:item=507038823&perks=4090651448,1885400500,1359896290,1774574192
dimwishlist:item=507038823&perks=4090651448,1885400500,1359896290,2846385770
dimwishlist:item=1866778462&perks=1441682018,2822142346,2869569095,1546637391
dimwishlist:item=1866778462&perks=1441682018,2822142346,2869569095,3194351027
dimwishlist:item=2443900757&perks=1300023272,791862061,3096702027,2360754333
dimwishlist:item=1399243961&perks=839105230,2969185026,2284787283,1546637391
dimwishlist:item=3184681056&perks=466087222,791862061,1556840489,2360754333
dimwishlist:item=2066434718&perks=1441682018,3301904089,2284787283,1546637391
dimwishlist:item=1107446438&perks=202670084,3142289711,3700496672,1774574192
dimwishlist:item=1107446438&perks=202670084,3142289711,3700496672,4049631843
dimwishlist:item=3653573172&perks=3250034553,106909392,3418782618,3824105627
dimwishlist:item=3653573172&perks=3250034553,106909392,3418782618,2213355989
dimwishlist:item=3075224551&perks=4090651448,1483536627,3300816228,1546637391
dimwishlist:item=3075224551&perks=4090651448,1483536627,2284787283,1546637391